|FPs| = 55
[32] : 15167
[36] : 2936
[38] : 15596
[39] : 50675
[41] : 14945
[48] : 42135
[65] : 4472
[89] : 3837
[101] : 2237
[110] : 2794
[147] : 1779
[170] : 3099
[225] : 3257
[237] : 3032
[271] : 2094
[310] : 2594
[413] : 1880
[438] : 1863
[475] : 2167
[1327] : 1786
[225, 39] : 2351
[39, 237] : 1929
[32, 38] : 2833
[32, 39] : 8455
[32, 41] : 3196
[36, 38] : 2790
[36, 39] : 2037
[38, 39] : 10345
[38, 41] : 3897
[32, 48] : 8034
[39, 41] : 11414
[48, 38] : 7944
[48, 39] : 29142
[48, 41] : 9018
[310, 39] : 1852
[65, 39] : 2787
[48, 65] : 2529
[39, 89] : 2749
[48, 89] : 2798
[38, 110] : 2725
[38, 170] : 3031
[39, 170] : 2059
[48, 39, 41] : 7366
[48, 65, 39] : 1797
[48, 39, 89] : 2125
[32, 38, 39] : 1840
[32, 39, 41] : 2359
[36, 38, 39] : 1945
[38, 39, 41] : 3051
[32, 48, 39] : 5402
[38, 39, 170] : 2019
[32, 48, 41] : 2063
[48, 38, 39] : 6102
[48, 38, 41] : 2374
[48, 38, 39, 41] : 1991
